1
50
1:(1,1)
2:(2,3)
3:(3,5)
4:(4,2)
5:(5,7)
6:(6,1)
7:(7,4)
8:(8,6)
9:(9,2)
10:(10,8)
11:(11,3)
12:(12,7)
13:(13,1)
14:(14,5)
15:(15,9)
16:(16,2)
17:(17,6)
18:(18,3)
19:(19,8)
20:(20,1)
21:(21,4)
22:(22,7)
23:(23,2)
24:(24,6)
25:(25,9)
26:(26,3)
27:(27,7)
28:(28,1)
29:(29,5)
30:(30,8)
31:(31,2)
32:(32,6)
33:(33,9)
34:(34,3)
35:(35,7)
36:(36,1)
37:(37,5)
38:(38,8)
39:(39,2)
40:(40,6)
41:(41,9)
42:(42,3)
43:(43,7)
44:(44,1)
45:(45,5)
46:(46,8)
47:(47,2)
48:(48,6)
49:(49,9)
50:(50,5)
1,2,4
1,3,7
2,4,3
2,5,6
3,6,5
3,7,4
4,8,6
5,9,3
6,10,7
7,11,5
8,12,4
9,13,6
10,14,3
11,15,7
12,16,5
13,17,4
14,18,6
15,19,3
16,20,7
17,21,5
18,22,4
19,23,6
20,24,3
21,25,7
22,26,5
23,27,4
24,28,6
25,29,3
26,30,7
27,31,5
28,32,4
29,33,6
30,34,3
31,35,7
32,36,5
33,37,4
34,38,6
35,39,3
36,40,7
37,41,5
38,42,4
39,43,6
40,44,3
41,45,7
42,46,5
43,47,4
44,48,6
45,49,3
46,50,7
